-89.8335;49.7866;
-89.3271;49.6876;
-88.8230;49.5862;
-88.3211;49.4824;
-87.8214;49.3762;
-87.3691;49.2776;
-86.8737;49.1670;
-86.3807;49.0540;
-85.8901;48.9388;
-85.4020;48.8213;
-84.9163;48.7016;
-84.4331;48.5796;
-83.9959;48.4668;
-83.5163;48.3404;
-83.0399;48.2119;
-82.5662;48.0814;
-82.0950;47.9487;
-81.6266;47.8139;
-81.2028;47.6896;
-80.7393;47.5509;
-80.2780;47.4100;
-79.8197;47.2672;
-79.3639;47.1224;
-78.9108;46.9756;
-78.5010;46.8404;
-78.0529;46.6898;
-77.6073;46.5373;
-77.1644;46.3829;
-76.7243;46.2267;
-76.2868;46.0686;
-75.8914;45.9233;
-75.4589;45.7617;
-75.0292;45.5983;
-74.6021;45.4331;
-74.1777;45.2662;
-73.7557;45.0975;
-73.3365;44.9271;
-72.9200;44.7551;
-72.5435;44.5972;
-72.1321;44.4219;
-71.7231;44.2450;
-71.3168;44.0665;
-70.9131;43.8864;
-70.5119;43.7047;
-70.1134;43.5214;
-69.7534;43.3535;
-69.3598;43.1674;
-68.9687;42.9797;
-68.5801;42.7905;
-68.1942;42.5999;
-67.8107;42.4079;
-67.4296;42.2144;
-67.0854;42.0372;
-66.7092;41.8411;
-66.3352;41.6435;
-65.9639;41.4446;
-65.5949;41.2444;
-65.2283;41.0428;
-64.8641;40.8399;
-64.5352;40.6544;
-64.1755;40.4491;
-63.8182;40.2425;
-63.4632;40.0347;
-63.1105;39.8257;
-62.7600;39.6154;
-62.4119;39.4039;
-62.0973;39.2107;
-61.7535;38.9970;
-61.4116;38.7821;
-61.0721;38.5661;
-60.7349;38.3491;
-60.3998;38.1310;
-60.0669;37.9118;
-59.7662;37.7116;
-59.4372;37.4903;
-59.1104;37.2680;
-58.7856;37.0448;
-58.4630;36.8205;
-58.1714;36.6157;
-57.8524;36.3894;
-57.5355;36.1622;
-57.2207;35.9341;
-56.8794;35.6842;
-56.5687;35.4542;
-56.2598;35.2232;
-55.9528;34.9913;
-55.6752;34.7796;
-55.3718;34.5461;
-55.0702;34.3117;
-54.7704;34.0764;
-54.4723;33.8402;
-54.1761;33.6032;
-53.8816;33.3654;
-53.6154;33.1486;
-53.3242;32.9092;
-53.0347;32.6692;
-52.7470;32.4283;
-52.4609;32.1868;
-52.1764;31.9444;
-51.9189;31.7233;
-51.6376;31.4795;
-51.3578;31.2351;
-51.0796;30.9899;
-50.8029;30.7441;
-50.5277;30.4975;
-50.2541;30.2503;
-50.0066;30.0250;
-49.7358;29.7765;
-49.4665;29.5274;
-49.1987;29.2777;
-48.9323;29.0273;
-48.6672;28.7763;
-48.4035;28.5247;
-48.1650;28.2954;
-47.9040;28.0427;
-47.6442;27.7894;
-47.3858;27.5355;
-47.1287;27.2810;
-46.8728;27.0260;
-46.6413;26.7937;
-46.3880;26.5377;
-46.1358;26.2811;
-45.8849;26.0240;
-45.6350;25.7663;
-45.3860;25.5078;
-45.1611;25.2727;
-44.9147;25.0136;
-44.6695;24.7541;
-44.4255;24.4941;
-44.1826;24.2337;
-43.9407;23.9728;
-43.6999;23.7114;
-43.4819;23.4734;
-43.2431;23.2112;
-43.0053;22.9485;
-42.7686;22.6854;
-42.5328;22.4220;
-42.2981;22.1581;
-42.0855;21.9178;
-41.8526;21.6532;
-41.6206;21.3881;
-41.3895;21.1227;
-41.1594;20.8568;
-40.9301;20.5906;
-40.7017;20.3240;
-40.4741;20.0570;
-40.2474;19.7898;
-40.0216;19.5221;
-39.7966;19.2542;
-39.5724;18.9859;
-39.3694;18.7418;
-39.1467;18.4729;
-38.9248;18.2037;
-38.7037;17.9342;
-38.4833;17.6644;
-38.2637;17.3943;
-38.0448;17.1239;
-37.8464;16.8778;
-37.6288;16.6069;
-37.4119;16.3357;
-37.1956;16.0642;
-36.9800;15.7924;
-36.7651;15.5204;
-36.5508;15.2482;
-36.3371;14.9757;
-36.1433;14.7277;
-35.9308;14.4548;
-35.7188;14.1816;
-35.5074;13.9081;
-35.2965;13.6345;
-35.0862;13.3607;
-34.8955;13.1115;
-34.6861;12.8372;
-34.4774;12.5628;
-34.2691;12.2881;
-34.0613;12.0133;
-33.8539;11.7382;
-33.6659;11.4880;
-33.4593;11.2126;
-33.2533;10.9370;
-33.0477;10.6612;
-32.8425;10.3854;
-32.6563;10.1344;
-32.4519;9.8582;
-32.2479;9.5820;
-32.0443;9.3055;
-31.8410;9.0289;
-31.6380;8.7521;
-31.4354;8.4753;
-31.2331;8.1983;
-31.0495;7.9463;
-30.8479;7.6691;
-30.6465;7.3918;
-30.4454;7.1143;
-30.2444;6.8366;
-30.0438;6.5589;
-29.8435;6.2811;
-29.6616;6.0285;
-29.4616;5.7505;
-29.2620;5.4724;
-29.0625;5.1943;
-28.8633;4.9162;
-28.6824;4.6633;
-28.4835;4.3850;
-28.2848;4.1066;
-28.0862;3.8282;
-27.8878;3.5498;
-27.6896;3.2712;
-27.5093;3.0178;
-27.3112;2.7392;
-27.1133;2.4606;
-26.9154;2.1818;
-26.7177;1.9031;
-26.5200;1.6244;
-26.3403;1.3710;
-26.1427;1.0922;
-25.9452;0.8134;
-25.7477;0.5346;
-25.5502;0.2558;
-25.3528;-0.0229;
-25.1733;-0.2764;
-24.9757;-0.5553;
-24.7782;-0.8341;
-24.5807;-1.1129;
-24.3832;-1.3916;
-24.1855;-1.6703;
-24.0058;-1.9237;
-23.8081;-2.2023;
-23.6103;-2.4810;
-23.4124;-2.7596;
-23.2143;-3.0382;
-23.0162;-3.3166;
-22.8180;-3.5951;
-22.6376;-3.8483;
-22.4389;-4.1268;
-22.2403;-4.4050;
-22.0414;-4.6833;
-21.8424;-4.9614;
-21.6432;-5.2395;
-21.4619;-5.4922;
-21.2623;-5.7702;
-21.0625;-6.0481;
-20.8624;-6.3258;
-20.6621;-6.6035;
-20.4616;-6.8811;
-20.2791;-7.1332;
-20.0781;-7.4106;
-19.8768;-7.6878;
-19.6752;-7.9649;
-19.4733;-8.2419;
-19.2710;-8.5188;
-19.0869;-8.7704;
-18.8841;-9.0469;
-18.6808;-9.3234;
-18.4773;-9.5997;
-18.2734;-9.8758;
-18.0691;-10.1519;
-17.8830;-10.4026;
-17.6780;-10.6783;
-17.4725;-10.9538;
-17.2666;-11.2291;
-17.0603;-11.5043;
-16.8536;-11.7793;
-16.6652;-12.0291;
-16.4575;-12.3037;
-16.2494;-12.5782;
-16.0408;-12.8524;
-15.8316;-13.1264;
-15.6219;-13.4002;
-15.4117;-13.6738;
-15.2202;-13.9223;
-15.0090;-14.1955;
-14.7971;-14.4685;
-14.5847;-14.7412;
-14.3718;-15.0137;
-14.1582;-15.2859;
-13.9636;-15.5331;
-13.7488;-15.8049;
-13.5333;-16.0765;
-13.3172;-16.3477;
-13.1005;-16.6186;
-12.8832;-16.8893;
-12.6850;-17.1351;
-12.4662;-17.4052;
-12.2468;-17.6750;
-12.0266;-17.9446;
-11.8057;-18.2138;
-11.5841;-18.4827;
-11.3819;-18.7269;
-11.1587;-18.9953;
-10.9347;-19.2633;
-10.7099;-19.5310;
-10.4844;-19.7982;
-10.2580;-20.0652;
-10.0515;-20.3076;
-9.8235;-20.5738;
-9.5946;-20.8397;
-9.3648;-21.1052;
-9.1341;-21.3703;
-8.9025;-21.6351;
-8.6911;-21.8754;
-8.4577;-22.1394;
-8.2234;-22.4030;
-7.9881;-22.6661;
-7.7517;-22.9289;
-7.5143;-23.1913;
-7.2760;-23.4532;
-7.0584;-23.6909;
-6.8180;-23.9519;
-6.5766;-24.2125;
-6.3341;-24.4727;
-6.0905;-24.7324;
-5.8457;-24.9916;
-5.6223;-25.2268;
-5.3754;-25.4851;
-5.1273;-25.7429;
-4.8781;-26.0001;
-4.6277;-26.2568;
-4.3761;-26.5130;
-4.1232;-26.7688;
-3.8922;-27.0007;
-3.6370;-27.2554;
-3.3805;-27.5095;
-3.1226;-27.7631;
-2.8634;-28.0161;
-2.6029;-28.2685;
-2.3649;-28.4975;
-2.1019;-28.7487;
-1.8375;-28.9994;
-1.5716;-29.2494;
-1.3044;-29.4988;
-1.0358;-29.7476;
-0.7902;-29.9732;
-0.5188;-30.2207;
-0.2458;-30.4676;
0.0286;-30.7138;
0.3045;-30.9593;
0.5820;-31.2041;
0.8610;-31.4481;
1.1160;-31.6694;
1.3981;-31.9122;
1.6818;-32.1542;
1.9672;-32.3954;
2.2541;-32.6359;
2.5166;-32.8540;
2.8069;-33.0931;
3.0988;-33.3314;
3.3924;-33.5688;
3.6878;-33.8054;
3.9849;-34.0412;
4.2838;-34.2762;
4.5572;-34.4891;
4.8596;-34.7225;
5.1638;-34.9549;
5.4699;-35.1865;
5.7779;-35.4172;
6.0878;-35.6470;
6.3711;-35.8551;
6.6846;-36.0830;
7.0000;-36.3101;
7.3174;-36.5361;
7.6368;-36.7612;
7.9291;-36.9651;
8.2525;-37.1883;
8.5778;-37.4105;
8.9052;-37.6316;
9.2347;-37.8518;
9.5664;-38.0709;
9.8697;-38.2691;
10.2054;-38.4861;
10.5433;-38.7020;
10.8833;-38.9167;
11.2256;-39.1304;
11.5700;-39.3428;
11.9167;-39.5542;
12.2339;-39.7453;
12.5849;-39.9543;
12.9382;-40.1622;
13.2938;-40.3688;
13.6517;-40.5742;
14.0120;-40.7783;
14.3747;-40.9811;
14.7063;-41.1644;
15.0735;-41.3647;
15.4432;-41.5638;
15.8152;-41.7615;
16.1896;-41.9578;
16.5666;-42.1527;
16.9461;-42.3463;
17.3280;-42.5384;
17.6774;-42.7119;
18.0639;-42.9012;
18.4531;-43.0891;
18.8453;-43.2758;
19.2395;-43.4607;
19.6363;-43.6441;
20.0356;-43.8259;
20.4375;-44.0061;
20.8052;-44.1686;
21.2121;-44.3459;
21.6216;-44.5215;
22.0337;-44.6954;
22.4484;-44.8677;
22.8656;-45.0383;
23.2855;-45.2071;
23.6695;-45.3592;
24.0943;-45.5247;
24.5218;-45.6885;
24.9519;-45.8505;
25.3846;-46.0107;
25.8203;-46.1692;
26.2583;-46.3257;
26.6589;-46.4664;
27.1020;-46.6194;
27.5477;-46.7704;
27.9961;-46.9196;
28.4470;-47.0668;
28.9006;-47.2120;
29.3152;-47.3423;
29.7737;-47.4836;
30.2347;-47.6230;
30.6985;-47.7603;
31.1647;-47.8956;
31.6335;-48.0287;
32.0618;-48.1480;
32.5356;-48.2771;
33.0117;-48.4041;
33.4903;-48.5288;
33.9713;-48.6514;
34.4547;-48.7718;
34.9405;-48.8899;
35.3843;-48.9954;
35.8749;-49.1092;
36.3676;-49.2208;
36.8627;-49.3300;
37.3600;-49.4369;
37.8597;-49.5414;
38.3159;-49.6345;
38.8197;-49.7345;
39.3257;-49.8321;
39.8339;-49.9273;
40.3440;-50.0201;
40.8563;-50.1104;
41.3706;-50.1982;
41.8398;-50.2759;
42.3577;-50.3590;
42.8775;-50.4395;
43.3992;-50.5176;
43.9225;-50.5930;
44.4477;-50.6659;
44.9744;-50.7362;
45.4547;-50.7979;
45.9846;-50.8632;
46.5159;-50.9259;
47.0491;-50.9861;
47.5836;-51.0435;
48.1193;-51.0983;
48.6074;-51.1458;
49.1455;-51.1955;
49.6847;-51.2425;
50.2251;-51.2867;
50.7666;-51.3283;
51.3089;-51.3672;
51.8523;-51.4033;
52.3469;-51.4337;
52.8919;-51.4646;
53.4376;-51.4928;
53.9838;-51.5181;
54.5307;-51.5407;
55.0783;-51.5606;
55.6262;-51.5777;
56.1747;-51.5920;
56.7233;-51.6035;
57.2724;-51.6123;
57.8216;-51.6182;
58.3209;-51.6212;
58.8703;-51.6219;
59.4195;-51.6197;
59.9687;-51.6148;
60.5178;-51.6071;
61.0166;-51.5977;
61.5651;-51.5846;
62.1133;-51.5688;
62.6611;-51.5503;
63.2083;-51.5289;
63.7549;-51.5048;
64.2515;-51.4805;
64.7971;-51.4511;
65.3419;-51.4190;
65.8857;-51.3841;
66.4286;-51.3465;
66.9707;-51.3062;
67.4626;-51.2672;
68.0027;-51.2217;
68.5417;-51.1735;
69.0792;-51.1226;
69.6156;-51.0690;
70.1506;-51.0128;
70.6360;-50.9593;
71.1684;-50.8980;
71.6994;-50.8341;
72.2290;-50.7675;
72.7567;-50.6984;
73.2829;-50.6266;
73.8074;-50.5523;
74.2827;-50.4825;
74.8040;-50.4032;
75.3232;-50.3215;
75.8405;-50.2373;
76.3562;-50.1505;
76.8699;-50.0612;
77.3350;-49.9779;
77.8445;-49.8840;
78.3520;-49.7876;
78.8574;-49.6888;
79.3604;-49.5876;
79.8614;-49.4841;
80.3148;-49.3879;
80.8115;-49.2798;
81.3059;-49.1694;
81.7979;-49.0568;
82.2876;-48.9418;
82.7749;-48.8246;
83.2598;-48.7051;
83.6984;-48.5946;
84.1787;-48.4709;
84.6565;-48.3450;
85.1317;-48.2170;
85.6044;-48.0868;
86.0747;-47.9544;
86.5000;-47.8323;
86.9654;-47.6960;
87.4284;-47.5576;
87.8887;-47.4171;
88.3463;-47.2747;
88.8013;-47.1302;
89.2539;-46.9838;
89.6629;-46.8489;
90.1105;-46.6987;
90.5553;-46.5466;
90.9976;-46.3926;
91.4372;-46.2367;
91.8742;-46.0790;
92.3087;-45.9194;
92.7013;-45.7727;
93.1305;-45.6097;
93.5572;-45.4449;
93.9812;-45.2783;
94.4027;-45.1100;
94.8215;-44.9400;
95.2376;-44.7682;
95.6137;-44.6107;
96.0249;-44.4358;
96.4335;-44.2592;
96.8395;-44.0810;
97.2429;-43.9013;
97.6437;-43.7199;
98.0058;-43.5537;
98.4017;-43.3694;
98.7952;-43.1836;
99.1860;-42.9963;
99.5743;-42.8074;
99.9602;-42.6171;
100.3435;-42.4254;
100.6899;-42.2498;
101.0687;-42.0552;
101.4449;-41.8594;
101.8186;-41.6621;
102.1898;-41.4635;
102.5587;-41.2636;
102.9252;-41.0623;
103.2563;-40.8782;
103.6183;-40.6744;
103.9779;-40.4694;
104.3351;-40.2631;
104.6901;-40.0555;
105.0427;-39.8468;
105.3930;-39.6369;
105.7095;-39.4450;
106.0556;-39.2327;
106.3993;-39.0194;
106.7409;-38.8049;
107.0804;-38.5892;
107.4177;-38.3724;
107.7528;-38.1545;
108.0555;-37.9555;
108.3865;-37.7356;
108.7156;-37.5145;
109.0425;-37.2924;
109.3673;-37.0693;
109.6900;-36.8452;
110.0107;-36.6202;
110.3006;-36.4147;
110.6175;-36.1877;
110.9324;-35.9598;
111.2454;-35.7310;
111.5564;-35.5012;
111.8656;-35.2705;
112.1451;-35.0599;
112.4507;-34.8274;
112.7544;-34.5941;
113.0562;-34.3600;
113.3563;-34.1250;
113.6546;-33.8891;
113.9511;-33.6523;
114.2192;-33.4364;
114.5123;-33.1981;
114.8037;-32.9591;
115.0936;-32.7191;
115.3817;-32.4785;
115.6682;-32.2369;
115.9530;-31.9948;
116.2362;-31.7519;
116.4922;-31.5304;
116.7724;-31.2861;
117.0509;-31.0410;
117.3280;-30.7953;
117.6035;-30.5489;
117.8774;-30.3018;
118.1251;-30.0766;
118.3964;-29.8282;
118.6660;-29.5792;
118.9342;-29.3295;
119.2012;-29.0791;
119.4666;-28.8282;
119.7306;-28.5767;
119.9694;-28.3475;
120.2308;-28.0948;
120.4908;-27.8416;
120.7495;-27.5878;
121.0070;-27.3334;
121.2632;-27.0784;
121.4950;-26.8461;
121.7487;-26.5901;
122.0012;-26.3335;
122.2525;-26.0765;
122.5029;-25.8186;
122.7519;-25.5604;
122.9997;-25.3018;
123.2464;-25.0425;
123.4696;-24.8065;
123.7141;-24.5464;
123.9576;-24.2857;
124.2000;-24.0245;
124.4412;-23.7631;
124.6813;-23.5012;
124.9204;-23.2388;
125.1585;-22.9760;
125.3740;-22.7367;
125.6102;-22.4731;
125.8454;-22.2090;
126.0795;-21.9446;
126.3128;-21.6797;
126.5452;-21.4144;
126.7555;-21.1730;
126.9861;-20.9070;
127.2157;-20.6406;
127.4445;-20.3739;
127.6724;-20.1069;
127.8993;-19.8395;
128.1256;-19.5717;
128.3305;-19.3280;
128.5551;-19.0595;
128.7789;-18.7908;
129.0020;-18.5216;
129.2244;-18.2520;
129.4459;-17.9823;
129.6666;-17.7123;
129.8667;-17.4665;
130.0861;-17.1959;
130.3048;-16.9250;
130.5228;-16.6537;
130.7401;-16.3823;
130.9568;-16.1105;
131.1728;-15.8385;
131.3369;-15.6227;
131.5519;-15.3501;
131.7662;-15.0772;
131.9799;-14.8041;
132.1930;-14.5308;
132.4054;-14.2573;
132.6173;-13.9836;
132.8094;-13.7346;
133.0203;-13.4604;
133.2306;-13.1860;
133.4404;-12.9114;
133.6496;-12.6366;
133.8584;-12.3616;
134.0669;-12.0861;
134.2560;-11.8356;
134.4633;-11.5601;
134.6702;-11.2844;
134.8767;-11.0085;
135.0828;-10.7324;
135.2884;-10.4561;
135.4936;-10.1797;
135.6799;-9.9282;
135.8845;-9.6513;
136.0887;-9.3744;
136.2924;-9.0973;
136.4958;-8.8202;
136.6989;-8.5429;
136.9017;-8.2654;
137.0857;-8.0130;
137.2879;-7.7354;
137.4897;-7.4576;
137.6913;-7.1797;
137.8925;-6.9017;
138.0936;-6.6235;
138.2944;-6.3453;
138.4768;-6.0922;
138.6771;-5.8138;
138.8772;-5.5353;
139.0771;-5.2567;
139.2769;-4.9779;
139.4765;-4.6990;
139.6759;-4.4202;
139.8750;-4.1413;
140.0561;-3.8875;
140.2550;-3.6084;
140.4537;-3.3294;
140.6526;-3.0500;
140.8511;-2.7708;
141.0495;-2.4915;
141.2299;-2.2377;
141.4281;-1.9584;
141.6263;-1.6790;
141.8244;-1.3996;
142.0225;-1.1202;
142.2205;-0.8408;
142.4187;-0.5612;
142.5988;-0.3071;
142.7967;-0.0276;
142.9948;0.2518;
143.1927;0.5313;
143.3908;0.8108;
143.5888;1.0902;
143.7689;1.3442;
143.9671;1.6236;
144.1653;1.9030;
144.3635;2.1823;
144.5619;2.4616;
144.7603;2.7409;
144.9408;2.9947;
145.1395;3.2739;
145.3382;3.5530;
145.5371;3.8321;
145.7362;4.1111;
145.9354;4.3901;
146.1348;4.6690;
146.3343;4.9479;
146.5159;5.2013;
146.7159;5.4800;
146.9161;5.7587;
147.1164;6.0373;
147.3170;6.3157;
147.5179;6.5941;
147.7190;6.8724;
147.9021;7.1253;
148.1037;7.4034;
148.3056;7.6814;
148.5078;7.9592;
148.7104;8.2370;
148.9132;8.5145;
149.1163;8.7920;
149.3014;9.0442;
149.5052;9.3214;
149.7094;9.5985;
149.9139;9.8753;
150.1188;10.1521;
150.3241;10.4286;
150.5298;10.7051;
150.7172;10.9562;
150.9237;11.2323;
151.1307;11.5082;
151.3382;11.7841;
151.5461;12.0596;
151.7544;12.3350;
151.9443;12.5851;
152.1536;12.8602;
152.3635;13.1350;
152.5739;13.4097;
152.7848;13.6841;
152.9962;13.9582;
153.2082;14.2321;
153.4015;14.4811;
153.6147;14.7548;
153.8285;15.0281;
154.0428;15.3011;
154.2577;15.5738;
154.4733;15.8464;
154.6698;16.0939;
154.8866;16.3659;
155.1041;16.6376;
155.3223;16.9091;
155.5411;17.1802;
155.7607;17.4511;
155.9810;17.7217;
156.1819;17.9674;
156.4036;18.2374;
156.6261;18.5071;
156.8493;18.7764;
157.0734;19.0455;
157.2982;19.3142;
157.5033;19.5582;
157.7297;19.8263;
157.9570;20.0940;
158.1851;20.3615;
158.4142;20.6285;
158.6441;20.8952;
158.8750;21.1616;
159.0856;21.4033;
159.3181;21.6688;
159.5516;21.9340;
159.7860;22.1988;
160.0215;22.4631;
160.2579;22.7270;
160.4736;22.9666;
160.7120;23.2297;
160.9514;23.4924;
161.1918;23.7546;
161.4333;24.0164;
161.6758;24.2778;
161.9195;24.5387;
162.1420;24.7754;
162.3878;25.0354;
162.6347;25.2949;
162.8828;25.5539;
163.1321;25.8124;
163.3825;26.0703;
163.6113;26.3044;
163.8641;26.5614;
164.1181;26.8178;
164.3734;27.0737;
164.6300;27.3291;
164.8879;27.5839;
165.1470;27.8381;
165.3837;28.0687;
165.6454;28.3218;
165.9085;28.5744;
166.1731;28.8264;
166.4391;29.0779;
166.7553;29.3742;
167.0242;29.6241;
167.2946;29.8734;
167.5417;30.0994;
167.8148;30.3474;
168.0895;30.5948;
168.3658;30.8415;
168.6436;31.0874;
168.9229;31.3327;
169.1782;31.5550;
169.4606;31.7990;
169.7446;32.0421;
170.0302;32.2846;
170.3174;32.5262;
170.6064;32.7671;
170.8970;33.0071;
171.1626;33.2247;
171.4565;33.4633;
171.7522;33.7010;
172.0496;33.9380;
172.3491;34.1743;
172.6502;34.4096;
172.9531;34.6441;
173.2299;34.8564;
173.5363;35.0890;
173.8445;35.3209;
174.1547;35.5518;
174.4668;35.7818;
174.7809;36.0109;
175.0680;36.2182;
175.3858;36.4455;
175.7057;36.6718;
176.0276;36.8971;
176.3516;37.1214;
176.6776;37.3447;
177.0056;37.5669;
177.3056;37.7681;
177.6376;37.9882;
177.9718;38.2073;
178.3081;38.4254;
178.6465;38.6423;
178.9872;38.8581;
179.2989;39.0533;
179.6439;39.2670;
179.9910;39.4794;
-179.6595;39.6907;
-179.3078;39.9008;
-178.9538;40.1097;
-178.5975;40.3172;
-178.2715;40.5049;
-177.9108;40.7101;
-177.5477;40.9141;
-177.1821;41.1167;
-176.8142;41.3180;
-176.4437;41.5181;
-176.1049;41.6987;
-175.7299;41.8961;
-175.3523;42.0922;
-174.9724;42.2868;
-174.5899;42.4800;
-174.2049;42.6718;
-173.8528;42.8448;
-173.4631;43.0337;
-173.0708;43.2212;
-172.6759;43.4071;
-172.2785;43.5915;
-171.8786;43.7743;
-171.4761;43.9556;
-171.0709;44.1353;
-170.7003;44.2972;
-170.2902;44.4738;
-169.8774;44.6487;
-169.4621;44.8220;
-169.0441;44.9935;
-168.6234;45.1634;
-168.2002;45.3315;
-167.8131;45.4829;
-167.3848;45.6477;
-166.9538;45.8106;
-166.5200;45.9718;
-166.0837;46.1312;
-165.6449;46.2886;
-165.2034;46.4442;
-164.7997;46.5840;
-164.3531;46.7360;
-163.9039;46.8860;
-163.4520;47.0341;
-162.9975;47.1802;
-162.5404;47.3243;
-162.1226;47.4535;
-161.6605;47.5938;
-161.1956;47.7320;
-160.7282;47.8681;
-160.2584;48.0021;
-159.7860;48.1340;
-159.3112;48.2637;
-158.8337;48.3913;
-158.3976;48.5053;
-157.9154;48.6287;
-157.4306;48.7499;
-156.9437;48.8688;
-156.4543;48.9854;
-155.9625;49.0998;
-155.4682;49.2118;
-154.9718;49.3216;
-154.5184;49.4193;
-154.0176;49.5245;
-153.5146;49.6274;
-153.0094;49.7278;
-152.5017;49.8259;
-151.9921;49.9215;
-151.4804;50.0147;
-151.0135;50.0972;
-150.4980;50.1857;
-149.9806;50.2716;
-149.4612;50.3550;
-148.9400;50.4359;
-148.4169;50.5142;
-147.8920;50.5899;
-147.3654;50.6631;
-146.8370;50.7337;
-146.3553;50.7956;
-145.8240;50.8612;
-145.2910;50.9241;
-144.7565;50.9844;
-144.2206;51.0421;
-143.6834;51.0971;
-143.1450;51.1493;
-142.6544;51.1945;
-142.1137;51.2416;
-141.5718;51.2860;
-141.0289;51.3277;
-140.4850;51.3666;
-139.9402;51.4028;
-139.3942;51.4363;
-138.8973;51.4643;
-138.3501;51.4924;
-137.8017;51.5178;
-137.2533;51.5405;
-136.7044;51.5603;
-136.1550;51.5773;
-135.6052;51.5916;
-135.1050;51.6021;
-134.5546;51.6111;
-134.0040;51.6172;
-133.4534;51.6205;
-132.9027;51.6210;
-132.3520;51.6188;
-131.8514;51.6143;
-131.3010;51.6066;
-130.7508;51.5962;
-130.2009;51.5830;
-129.6513;51.5670;
-129.1021;51.5483;
-128.5536;51.5267;
-128.0554;51.5047;
-127.5080;51.4778;
-126.9613;51.4482;
-126.4154;51.4158;
-125.8702;51.3807;
-125.3260;51.3428;
-124.7828;51.3021;
-124.2406;51.2588;
-123.7487;51.2170;
-123.2085;51.1685;
-122.6694;51.1172;
-122.1318;51.0633;
-121.5955;51.0067;
-121.0608;50.9474;
-120.5274;50.8855;
-120.0439;50.8269;
-119.5134;50.7599;
-118.9847;50.6903;
-118.4572;50.6181;
-117.9317;50.5434;
-117.4080;50.4660;
-116.8862;50.3861;
-116.4135;50.3113;
-115.8953;50.2266;
-115.3791;50.1394;
-114.8647;50.0497;
-114.3525;49.9575;
-113.8424;49.8629;
-113.3345;49.7658;
-112.8745;49.6755;
-112.3706;49.5738;
-111.8689;49.4697;
-111.3694;49.3633;
-110.8722;49.2545;
-110.3774;49.1434;
-109.8850;49.0300;
-109.4395;48.9249;
-108.9516;48.8072;
-108.4661;48.6872;
-107.9831;48.5650;
-107.5026;48.4405;
-107.0246;48.3139;
-106.5921;48.1969;
-106.1189;48.0662;
-105.6481;47.9333;
-105.1799;47.7983;
-104.7144;47.6613;
-104.2515;47.5221;
-103.8328;47.3939;
-103.3747;47.2509;
-102.9192;47.1058;
-102.4664;46.9588;
-102.0163;46.8099;
-101.5687;46.6589;
-101.1237;46.5061;
-100.7216;46.3655;
-100.2818;46.2091;
-99.8446;46.0508;
-99.4101;45.8907;
-98.9782;45.7288;
-98.5490;45.5651;
-98.1612;45.4147;
-97.7370;45.2476;
-97.3155;45.0788;
-96.8964;44.9082;
-96.4802;44.7359;
-96.0665;44.5620;
-95.6927;44.4024;
-95.2841;44.2253;
-94.8780;44.0466;
-94.4746;43.8663;
-94.0738;43.6845;
-93.6755;43.5011;
-93.3157;43.3330;
-92.9224;43.1467;
-92.5315;42.9589;
-92.1432;42.7695;
-91.7575;42.5788;
-91.3742;42.3865;
-90.9934;42.1929;
-90.6495;42.0156;
-90.2734;41.8193;
-89.8998;41.6216;
-89.5287;41.4225;
-89.1599;41.2221;
-88.7932;41.0202;
-88.4622;40.8357;
-88.1005;40.6315;
-87.7411;40.4261;
-87.3840;40.2193;
-87.0292;40.0114;
-86.6767;39.8022;
-86.3266;39.5918;
-86.0102;39.3996;
-85.6644;39.1869;
-85.3208;38.9732;
-84.9794;38.7582;
-84.6402;38.5422;
-84.3031;38.3250;
-83.9680;38.1066;
-83.6353;37.8872;
-83.3346;37.6869;
-83.0059;37.4655;
-82.6793;37.2431;
-82.3548;37.0197;
-82.0323;36.7953;
-81.7119;36.5699;
-81.3935;36.3435;
-81.0770;36.1162;
-80.7625;35.8878;
-80.4782;35.6794;
-80.1675;35.4493;
-79.8586;35.2183;
-79.5516;34.9864;
-79.2465;34.7536;
-78.9708;34.5413;
-78.6692;34.3068;
-78.3694;34.0715;
-78.0715;33.8354;
-77.7753;33.5984;
-77.4807;33.3605;
-77.1878;33.1218;
-76.8968;32.8824;
-76.6075;32.6422;
-76.3199;32.4013;
-76.0598;32.1816;
-75.7754;31.9392;
-75.4926;31.6962;
-75.2113;31.4523;
-74.9316;31.2077;
-74.6535;30.9624;
-74.3769;30.7164;
-74.1269;30.4923;
-73.8532;30.2450;
-73.5811;29.9971;
-73.3104;29.7485;
-73.0412;29.4993;
-72.7735;29.2495;
-72.5313;29.0218;
-72.2663;28.7708;
-72.0027;28.5192;
-71.7403;28.2669;
-71.4794;28.0140;
-71.2198;27.7607;
-70.9850;27.5299;
-70.7280;27.2755;
-70.4722;27.0205;
-70.2177;26.7649;
-69.9644;26.5089;
-69.7124;26.2522;
-69.4843;26.0185;
-69.2346;25.7609;
-68.9860;25.5027;
-68.7386;25.2440;
-68.4923;24.9849;
-68.2472;24.7254;
-68.0254;24.4890;
-67.7825;24.2285;
-67.5406;23.9676;
-67.2999;23.7062;
-67.0601;23.4444;
-66.8214;23.1821;
-66.6053;22.9433;
-66.3686;22.6802;
-66.1328;22.4167;
-65.8981;22.1528;
-65.6643;21.8885;
-65.4314;21.6237;
-65.1995;21.3586;
-64.9686;21.0932;
-64.7594;20.8515;
-64.5301;20.5852;
-64.3017;20.3187;
-64.0742;20.0517;
-63.8474;19.7843;
-63.6216;19.5166;
-63.3966;19.2487;
-63.1928;19.0048;
-62.9694;18.7363;
-62.7468;18.4675;
-62.5249;18.1983;
-62.3037;17.9287;
-62.0834;17.6588;
-61.8637;17.3887;
-61.6647;17.1429;
-61.4463;16.8722;
-61.2288;16.6012;
-61.0118;16.3300;
-60.7955;16.0584;
-60.5799;15.7866;
-60.3844;15.5393;
-60.1701;15.2670;
-59.9563;14.9945;
-59.7432;14.7218;
-59.5306;14.4488;
-59.3185;14.1755;
-59.1262;13.9268;
-58.9153;13.6532;
-58.7050;13.3794;
-58.4952;13.1053;
-58.2858;12.8310;
-58.0770;12.5565;
-57.8877;12.3068;
-57.6798;12.0320;
-57.4724;11.7570;
-57.2655;11.4818;
-57.0591;11.2065;
-56.8531;10.9309;
-56.6661;10.6802;
-56.4608;10.4042;
-56.2560;10.1282;
-56.0516;9.8520;
-55.8476;9.5756;
-55.6439;9.2992;
-55.4591;9.0477;
-55.2561;8.7709;
-55.0534;8.4940;
-54.8511;8.2171;
-54.6491;7.9399;
-54.4474;7.6626;
-54.2643;7.4105;
-54.0631;7.1330;
-53.8622;6.8554;
-53.6617;6.5777;
-53.4613;6.2999;
-53.2794;6.0474;
-53.0795;5.7695;
-52.8799;5.4915;
-52.6804;5.2134;
-52.4811;4.9352;
-52.2820;4.6569;
-52.0831;4.3785;
-51.8844;4.1001;
-51.7038;3.8469;
-51.5052;3.5683;
-51.3069;3.2897;
-51.1087;3.0111;
-50.9106;2.7325;
-50.7127;2.4539;
-50.5149;2.1752;
-50.3350;1.9218;
-50.1373;1.6430;
-49.9396;1.3642;
-49.7420;1.0854;
-49.5445;0.8066;
-49.3470;0.5278;
-49.1674;0.2743;
-48.9699;-0.0045;
-48.7724;-0.2833;
-48.5749;-0.5622;
-48.3774;-0.8410;
-48.1798;-1.1198;
-47.9822;-1.3987;
-47.8025;-1.6521;
-47.6048;-1.9308;
-47.4070;-2.2095;
-47.2091;-2.4882;
-47.0112;-2.7669;
-46.8131;-3.0454;
-46.6149;-3.3241;
-46.4347;-3.5772;
-46.2363;-3.8557;
-46.0378;-4.1340;
-45.8390;-4.4123;
-45.6402;-4.6905;
-45.4412;-4.9687;
-45.2419;-5.2468;
-45.0606;-5.4995;
-44.8610;-5.7775;
-44.6611;-6.0554;
-44.4610;-6.3332;
-44.2606;-6.6110;
-44.0601;-6.8885;
-43.8593;-7.1659;
-43.6765;-7.4181;
-43.4752;-7.6953;
-43.2736;-7.9724;
-43.0717;-8.2493;
-42.8695;-8.5262;
-42.6669;-8.8029;
-42.4640;-9.0794;
-42.2793;-9.3308;
-42.0757;-9.6071;
-41.8717;-9.8832;
-41.6674;-10.1593;
-41.4626;-10.4352;
-41.2575;-10.7109;
-41.0519;-10.9865;
-40.8647;-11.2368;
-40.6583;-11.5120;
-40.4515;-11.7870;
-40.2442;-12.0618;
-40.0365;-12.3365;
-39.8282;-12.6109;
-39.6384;-12.8603;
-39.4293;-13.1343;
-39.2196;-13.4081;
-39.0094;-13.6817;
-38.7986;-13.9551;
-38.5872;-14.2284;
-38.3947;-14.4764;
-38.1823;-14.7491;
-37.9692;-15.0217;
-37.7556;-15.2939;
-37.5414;-15.5659;
-37.3266;-15.8376;
-37.1307;-16.0844;
-36.9145;-16.3557;
-36.6978;-16.6266;
-36.4803;-16.8973;
-36.2622;-17.1677;
-36.0434;-17.4377;
-35.8438;-17.6831;
-35.6236;-17.9526;
-35.4027;-18.2218;
-35.1810;-18.4908;
-34.9584;-18.7595;
-34.7352;-19.0277;
-34.5316;-19.2713;
-34.3068;-19.5389;
-34.0812;-19.8062;
-33.8548;-20.0731;
-33.6275;-20.3397;
-33.3993;-20.6060;
-33.1911;-20.8478;
-32.9612;-21.1133;
-32.7305;-21.3784;
-32.4988;-21.6432;
-32.2662;-21.9075;
-32.0326;-22.1716;
-31.7981;-22.4351;
-31.5841;-22.6744;
-31.3477;-22.9371;
-31.1103;-23.1995;
-30.8719;-23.4614;
-30.6324;-23.7229;
-30.3919;-23.9839;
-30.1724;-24.2207;
-29.9298;-24.4809;
-29.6861;-24.7406;
-29.4412;-25.0000;
-29.1951;-25.2588;
-28.9480;-25.5171;
-28.6996;-25.7750;
-28.4729;-26.0088;
-28.2224;-26.2656;
-27.9707;-26.5219;
-27.7177;-26.7776;
-27.4635;-27.0328;
-27.2313;-27.2643;
-26.9747;-27.5184;
-26.7167;-27.7721;
-26.4574;-28.0250;
-26.1969;-28.2774;
-25.9350;-28.5292;
-25.6957;-28.7576;
-25.4312;-29.0083;
-25.1653;-29.2584;
-24.8979;-29.5078;
-24.6291;-29.7566;
-24.3588;-30.0048;
-24.0871;-30.2523;
-23.8387;-30.4768;
-23.5641;-30.7231;
-23.2880;-30.9686;
-23.0104;-31.2135;
-22.7311;-31.4577;
-22.4504;-31.7011;
-22.1681;-31.9437;
-21.8840;-32.1857;
-21.6245;-32.4050;
-21.3373;-32.6455;
-21.0486;-32.8853;
-20.7581;-33.1242;
-20.4659;-33.3624;
-20.1720;-33.5998;
-19.8764;-33.8363;
-19.6061;-34.0507;
-19.3070;-34.2856;
-19.0062;-34.5197;
-18.7035;-34.7530;
-18.3988;-34.9855;
-18.0925;-35.2170;
-17.8121;-35.4268;
-17.5020;-35.6567;
-17.1900;-35.8856;
-16.8761;-36.1135;
-16.5603;-36.3405;
-16.2425;-36.5665;
-15.9519;-36.7710;
-15.6303;-36.9951;
-15.3066;-37.2183;
-14.9810;-37.4403;
-14.6533;-37.6613;
-14.3235;-37.8813;
-13.9915;-38.1003;
-13.6878;-38.2984;
-13.3518;-38.5152;
-13.0136;-38.7310;
-12.6732;-38.9456;
-12.3306;-39.1591;
-11.9857;-39.3715;
-11.6703;-39.5636;
-11.3212;-39.7737;
-10.9698;-39.9826;
-10.6162;-40.1903;
-10.2602;-40.3967;
-9.9018;-40.6020;
-9.5412;-40.8059;
-9.2113;-40.9902;
-8.8462;-41.1917;
-8.4787;-41.3919;
-8.1087;-41.5907;
-7.7364;-41.7882;
-7.3615;-41.9844;
-7.0186;-42.1615;
-6.6391;-42.3549;
-6.2571;-42.5470;
-5.8727;-42.7376;
-5.4857;-42.9268;
-5.0963;-43.1144;
-4.7400;-43.2837;
-4.3456;-43.4686;
-3.9488;-43.6518;
-3.5493;-43.8336;
-3.1472;-44.0138;
-2.7426;-44.1924;
-2.3354;-44.3693;
-1.9256;-44.5447;
-1.5507;-44.7027;
-1.1359;-44.8749;
-0.7186;-45.0454;
-0.2986;-45.2142;
0.1242;-45.3813;
0.5495;-45.5467;
0.9384;-45.6955;
1.3687;-45.8574;
1.8016;-46.0175;
2.2371;-46.1758;
2.6754;-46.3323;
3.1164;-46.4869;
3.5598;-46.6396;
3.9652;-46.7768;
4.4138;-46.9259;
4.8650;-47.0730;
5.3187;-47.2181;
5.7749;-47.3612;
6.2338;-47.5023;
6.6954;-47.6414;
7.1594;-47.7785;
7.5835;-47.9013;
8.0528;-48.0344;
8.5243;-48.1654;
8.9984;-48.2942;
9.4749;-48.4209;
9.9102;-48.5341;
10.3914;-48.6566;
10.8750;-48.7769;
11.3611;-48.8950;
11.8494;-49.0107;
12.3402;-49.1243;
12.7884;-49.2255;
13.2836;-49.3346;
13.7811;-49.4414;
14.2808;-49.5458;
14.7828;-49.6479;
15.2870;-49.7476;
15.7932;-49.8448;
16.3016;-49.9397;
16.7655;-50.0238;
17.2778;-50.1140;
17.7922;-50.2017;
18.3086;-50.2870;
18.8270;-50.3697;
19.3471;-50.4499;
19.8692;-50.5276;
20.3929;-50.6027;
20.8705;-50.6687;
21.3974;-50.7389;
21.9260;-50.8065;
22.4561;-50.8715;
22.9877;-50.9338;
23.5207;-50.9936;
24.0066;-51.0455;
24.5424;-51.1002;
25.0794;-51.1522;
25.6179;-51.2015;
26.1573;-51.2481;
26.6978;-51.2920;
27.2392;-51.3332;
27.7817;-51.3716;
28.2758;-51.4042;
28.8201;-51.4375;
29.3652;-51.4680;
29.9110;-51.4957;
30.4576;-51.5207;
31.0047;-51.5429;
31.5025;-51.5607;
32.0505;-51.5777;
32.5989;-51.5918;
33.1476;-51.6032;
33.6966;-51.6118;
34.2456;-51.6176;
34.7949;-51.6207;
35.2943;-51.6210;
35.8437;-51.6187;
36.3932;-51.6137;
36.9423;-51.6058;
37.4913;-51.5952;
38.0399;-51.5817;
38.5382;-51.5671;
39.0864;-51.5484;
39.6336;-51.5269;
40.1803;-51.5027;
40.7263;-51.4757;
41.2716;-51.4459;
41.8161;-51.4134;
42.3600;-51.3781;
42.8536;-51.3437;
43.3956;-51.3032;
43.9366;-51.2600;
44.4765;-51.2141;
45.0152;-51.1655;
45.5528;-51.1142;
46.0891;-51.0603;
46.6240;-51.0036;
47.1575;-50.9444;
47.6413;-50.8882;
48.1723;-50.8238;
48.7015;-50.7569;
49.2289;-50.6874;
49.7548;-50.6153;
50.2790;-50.5406;
50.8015;-50.4633;
51.3222;-50.3835;
51.8410;-50.3012;
52.3110;-50.2241;
52.8261;-50.1370;
53.3393;-50.0474;
53.8504;-49.9554;
54.3594;-49.8609;
54.8664;-49.7639;
55.3713;-49.6645;
55.8284;-49.5722;
56.3290;-49.4682;
56.8274;-49.3620;
57.3235;-49.2534;
57.8174;-49.1425;
58.3088;-49.0293;
58.7537;-48.9243;
59.2408;-48.8068;
59.7255;-48.6869;
60.2077;-48.5649;
60.6874;-48.4407;
61.1646;-48.3143;
61.6394;-48.1857;
62.0687;-48.0670;
62.5386;-47.9343;
63.0059;-47.7996;
63.4707;-47.6628;
63.9332;-47.5238;
64.3931;-47.3828;
64.8503;-47.2399;
65.2636;-47.1082;
65.7156;-46.9615;
66.1651;-46.8128;
66.6121;-46.6621;
67.0564;-46.5095;
67.4980;-46.3551;
67.9370;-46.1987;
68.3733;-46.0406;
68.8070;-45.8806;
69.1991;-45.7335;
69.6279;-45.5700;
70.0539;-45.4048;
70.4773;-45.2378;
70.8981;-45.0691;
71.3163;-44.8987;
71.6942;-44.7423;
72.1074;-44.5686;
72.5180;-44.3933;
72.9260;-44.2163;
73.3315;-44.0378;
73.7344;-43.8576;
74.1345;-43.6759;
74.5322;-43.4926;
74.9631;-43.2909;
75.4265;-43.0704;
75.7805;-42.8993;
76.1675;-42.7098;
76.5521;-42.5187;
76.9342;-42.3262;
77.3139;-42.1323;
77.6910;-41.9370;
78.0657;-41.7403;
78.4042;-41.5603;
78.7742;-41.3610;
79.1418;-41.1604;
79.5070;-40.9585;
79.8699;-40.7553;
80.2303;-40.5508;
80.5885;-40.3450;
80.9443;-40.1380;
81.2657;-39.9488;
81.6173;-39.7394;
81.9665;-39.5288;
82.3135;-39.3170;
82.6582;-39.1041;
83.0006;-38.8900;
83.3101;-38.6944;
83.6484;-38.4782;
83.9844;-38.2609;
84.3185;-38.0424;
84.6504;-37.8229;
84.9801;-37.6024;
85.2782;-37.4009;
85.6044;-37.1780;
85.9282;-36.9544;
86.2499;-36.7298;
86.5696;-36.5042;
86.8873;-36.2776;
87.2030;-36.0501;
87.5168;-35.8216;
87.8003;-35.6131;
88.1104;-35.3829;
88.4186;-35.1517;
88.7250;-34.9196;
89.0294;-34.6866;
89.3320;-34.4528;
89.6056;-34.2395;
89.9048;-34.0039;
90.2022;-33.7676;
90.4978;-33.5304;
90.7917;-33.2924;
91.0839;-33.0536;
91.3743;-32.8141;
91.6369;-32.5957;
91.9242;-32.3546;
92.2098;-32.1128;
92.4937;-31.8703;
92.7759;-31.6271;
93.0567;-31.3830;
93.3106;-31.1606;
93.5883;-30.9152;
93.8646;-30.6691;
94.1393;-30.4224;
94.4125;-30.1750;
94.6842;-29.9269;
94.9544;-29.6781;
95.1989;-29.4514;
95.4665;-29.2013;
95.7326;-28.9506;
95.9974;-28.6994;
96.2606;-28.4475;
96.5226;-28.1951;
96.7832;-27.9421;
97.0189;-27.7116;
97.2770;-27.4575;
97.5338;-27.2028;
97.7893;-26.9475;
98.0437;-26.6916;
98.2967;-26.4353;
98.5485;-26.1784;
98.7764;-25.9444;
99.0259;-25.6865;
99.2742;-25.4282;
99.5214;-25.1693;
99.7674;-24.9099;
100.0122;-24.6501;
100.2560;-24.3898;
100.4988;-24.1289;
100.7186;-23.8913;
100.9593;-23.6295;
101.1990;-23.3673;
101.4375;-23.1048;
101.6750;-22.8418;
101.9116;-22.5783;
102.1258;-22.3384;
102.3604;-22.0742;
102.5941;-21.8096;
102.8269;-21.5445;
103.0587;-21.2791;
103.2896;-21.0133;
103.5196;-20.7471;
103.7280;-20.5048;
103.9563;-20.2379;
104.1837;-19.9706;
104.4104;-19.7030;
104.6362;-19.4350;
104.8611;-19.1667;
105.0852;-18.8981;
105.3085;-18.6292;
105.5109;-18.3844;
105.7328;-18.1148;
105.9540;-17.8449;
106.1744;-17.5746;
106.3941;-17.3042;
106.6130;-17.0334;
106.8313;-16.7623;
107.0489;-16.4910;
107.2461;-16.2440;
107.4624;-15.9721;
107.6780;-15.7000;
107.8931;-15.4276;
108.1075;-15.1549;
108.3018;-14.9068;
108.5151;-14.6337;
108.7277;-14.3603;
108.9398;-14.0867;
109.1514;-13.8128;
109.3624;-13.5387;
109.5728;-13.2644;
109.7827;-12.9899;
109.9731;-12.7401;
110.1821;-12.4652;
110.3906;-12.1900;
110.5986;-11.9147;
110.8061;-11.6392;
111.0132;-11.3634;
111.2199;-11.0874;
111.4074;-10.8364;
111.6132;-10.5602;
111.8186;-10.2838;
112.0236;-10.0072;
112.2282;-9.7306;
112.4324;-9.4537;
112.6179;-9.2018;
112.8214;-8.9247;
113.0246;-8.6474;
113.2275;-8.3700;
113.4300;-8.0925;
113.6139;-7.8401;
113.8159;-7.5623;
114.0176;-7.2844;
114.2191;-7.0063;
114.4202;-6.7281;
114.6211;-6.4499;
114.8218;-6.1716;
115.0222;-5.8931;
115.2224;-5.6147;
115.4224;-5.3361;
115.6040;-5.0828;
115.8036;-4.8040;
116.0030;-4.5252;
116.2023;-4.2462;
116.4014;-3.9673;
116.6003;-3.6883;
116.7991;-3.4092;
116.9979;-3.1299;
117.1785;-2.8760;
117.3770;-2.5968;
117.5754;-2.3175;
117.7737;-2.0381;
117.9719;-1.7588;
118.1701;-1.4794;
118.3682;-1.2000;
118.5663;-0.9205;
118.7463;-0.6665;
118.9443;-0.3871;
119.1424;-0.1075;
119.3404;0.1720;
119.5384;0.4515;
119.7365;0.7310;
119.9166;0.9851;
120.1147;1.2646;
120.3128;1.5440;
120.5111;1.8235;
120.7093;2.1029;
120.9077;2.3822;
121.1061;2.6615;
121.3047;2.9409;
121.5033;3.2201;
121.6840;3.4739;
121.8829;3.7530;
122.0819;4.0321;
122.2811;4.3111;
122.4805;4.5901;
122.6801;4.8691;
122.8617;5.1226;
123.0616;5.4013;
123.2617;5.6800;
123.4625;5.9593;
123.6631;6.2378;
123.8639;6.5163;
124.0649;6.7946;
124.2480;7.0475;
124.4495;7.3256;
124.6513;7.6036;
124.8535;7.8815;
125.0559;8.1593;
125.2586;8.4369;
125.4617;8.7144;
125.6466;8.9666;
125.8503;9.2438;
126.0544;9.5210;
126.2588;9.7979;
126.4637;10.0747;
126.6689;10.3514;
126.8746;10.6281;
127.0807;10.9044;
127.2684;11.1555;
127.4753;11.4315;
127.6826;11.7074;
127.8905;11.9831;
128.0987;12.2586;
128.3075;12.5339;
128.4977;12.7839;
128.7074;13.0588;
128.9176;13.3334;
129.1284;13.6079;
129.3396;13.8821;
129.5515;14.1562;
129.7639;14.4300;
129.9769;14.7035;
130.1711;14.9520;
130.3853;15.2251;
130.6000;15.4980;
130.8155;15.7706;
131.0315;16.0429;
131.2482;16.3150;
131.4656;16.5868;
131.6836;16.8583;
131.8824;17.1049;
132.1018;17.3759;
132.3219;17.6466;
132.5428;17.9170;
132.7644;18.1871;
132.9867;18.4568;
133.1895;18.7018;
133.4134;18.9710;
133.6380;19.2398;
133.8635;19.5083;
134.0897;19.7764;
134.3168;20.0443;
134.5449;20.3117;
134.7737;20.5789;
134.9826;20.8214;
135.2132;21.0879;
135.4447;21.3540;
135.6771;21.6196;
135.9104;21.8848;
136.1446;22.1496;
136.3799;22.4141;
136.6162;22.6781;
136.8534;22.9418;
137.0700;23.1810;
137.3092;23.4438;
137.5495;23.7062;
137.7907;23.9681;
138.0331;24.2295;
138.2766;24.4905;
138.4989;24.7273;
138.7445;24.9874;
138.9913;25.2471;
139.2393;25.5063;
139.4885;25.7650;
139.7388;26.0231;
139.9673;26.2572;
140.2199;26.5144;
140.4738;26.7710;
140.7289;27.0270;
140.9852;27.2825;
141.2429;27.5374;
141.5018;27.7918;
141.7621;28.0455;
141.9998;28.2757;
142.2626;28.5283;
142.5268;28.7803;
142.7924;29.0317;
143.0596;29.2828;
143.3280;29.5330;
143.5979;29.7825;
143.8446;30.0088;
144.1173;30.2571;
144.3915;30.5047;
144.6672;30.7517;
144.9445;30.9980;
145.2232;31.2435;
145.5036;31.4883;
145.7598;31.7102;
146.0433;31.9537;
146.3283;32.1964;
146.6150;32.4384;
146.9035;32.6797;
147.1936;32.9202;
147.4853;33.1598;
147.7521;33.3769;
148.0471;33.6150;
148.3439;33.8523;
148.6425;34.0887;
148.9429;34.3243;
149.2453;34.5592;
149.5495;34.7932;
149.8276;35.0051;
150.1352;35.2373;
150.4447;35.4685;
150.7561;35.6988;
151.0694;35.9282;
151.3847;36.1567;
151.7021;36.3842;
151.9922;36.5902;
152.3133;36.8158;
152.6365;37.0405;
152.9617;37.2641;
153.2890;37.4867;
153.6184;37.7083;
153.9197;37.9088;
154.2531;38.1284;
154.5887;38.3468;
154.9264;38.5642;
155.2663;38.7804;
155.6084;38.9955;
155.9527;39.2094;
156.2677;39.4029;
156.6164;39.6146;
156.9673;39.8252;
157.3205;40.0345;
157.6760;40.2425;
158.0338;40.4494;
158.3611;40.6363;
158.7235;40.8407;
159.0881;41.0438;
159.4551;41.2456;
159.8247;41.4461;
160.1966;41.6453;
160.5711;41.8431;
160.9479;42.0395;
161.2926;42.2168;
161.6741;42.4105;
162.0582;42.6028;
162.4446;42.7935;
162.8337;42.9829;
163.1896;43.1537;
163.5835;43.3402;
163.9800;43.5251;
164.3792;43.7086;
164.7808;43.8904;
165.1851;44.0707;
165.5920;44.2494;
166.0013;44.4264;
166.3758;44.5859;
166.7903;44.7598;
167.2073;44.9320;
167.6270;45.1025;
168.0494;45.2712;
168.4744;45.4383;
168.9021;45.6036;
169.3327;45.7671;
169.7261;45.9142;
170.1615;46.0742;
170.5994;46.2323;
171.0400;46.3886;
171.4833;46.5430;
171.9293;46.6955;
172.3369;46.8324;
172.7878;46.9812;
173.2415;47.1280;
173.6977;47.2729;
174.1565;47.4157;
174.6180;47.5565;
175.0820;47.6952;
175.5060;47.8195;
175.9749;47.9543;
176.4465;48.0869;
176.9205;48.2174;
177.3971;48.3458;
177.8761;48.4720;
178.3575;48.5959;
178.7973;48.7066;
179.2834;48.8263;
179.7721;48.9438;
-179.7369;49.0590;
-179.2436;49.1719;
-178.7479;49.2825;
-178.2500;49.3907;
-177.7497;49.4966;
-177.2472;49.6001;
-176.7885;49.6921;
-176.2818;49.7910;
-175.7730;49.8875;
-175.2621;49.9815;
-174.7491;50.0731;
-174.2340;50.1622;
-173.7171;50.2488;
-173.1982;50.3329;
-172.7248;50.4072;
-172.2022;50.4864;
-171.6779;50.5631;
-171.1518;50.6372;
-170.6240;50.7088;
-170.0946;50.7777;
-169.5635;50.8440;
-169.0795;50.9019;
-168.5457;50.9632;
-168.0104;51.0218;
-167.4737;51.0777;
-166.9356;51.1309;
-166.3963;51.1815;
-165.8558;51.2293;
-165.3142;51.2744;
-164.8208;51.3131;
-164.2772;51.3530;
-163.7309;51.3903;
-163.1850;51.4247;
-162.6387;51.4564;
-162.0915;51.4853;
-161.5935;51.5092;
-161.0452;51.5328;
-160.4963;51.5536;
-159.9469;51.5716;
-159.3971;51.5869;
-158.8469;51.5993;
-158.2963;51.6090;
-157.7957;51.6153;
-157.2449;51.6196;
-156.6937;51.6212;
-156.1428;51.6199;
-155.5921;51.6158;
-155.0414;51.6089;
-154.4910;51.5992;
-153.9910;51.5880;
-153.4412;51.5730;
-152.8918;51.5551;
-152.3429;51.5345;
-151.7945;51.5112;
-151.2468;51.4850;
-150.7497;51.4588;
-150.2036;51.4274;
-149.6581;51.3932;
-149.1135;51.3563;
-148.5699;51.3166;
-148.0272;51.2742;
-147.4857;51.2291;
-146.9944;51.1857;
-146.4551;51.1354;
-145.9166;51.0823;
-145.3799;51.0267;
-144.8445;50.9683;
-144.3107;50.9073;
-143.7783;50.8437;
-143.2956;50.7835;
-142.7663;50.7149;
-142.2386;50.6436;
-141.7123;50.5697;
-141.1882;50.4933;
-140.6656;50.4143;
-140.1446;50.3327;
-139.6729;50.2564;
-139.1557;50.1700;
-138.6409;50.0811;
-138.1279;49.9898;
-137.6170;49.8960;
-137.1082;49.7998;
-136.6016;49.7011;
-136.1429;49.6093;
-135.6405;49.5061;
-135.1404;49.4005;
-134.6421;49.2925;
-134.1465;49.1822;
-133.6532;49.0696;
-133.1623;48.9547;
-132.7180;48.8482;
-132.2317;48.7290;
-131.7479;48.6076;
-131.2666;48.4839;
-130.7878;48.3581;
-130.3114;48.2300;
-129.8374;48.0998;
-129.3658;47.9674;
-128.9395;47.8453;
-128.4729;47.7089;
-128.0087;47.5704;
-127.5472;47.4299;
-127.0885;47.2874;
-126.6323;47.1428;
-126.1787;46.9963;
-125.7687;46.8614;
-125.3203;46.7112;
-124.8744;46.5589;
-124.4311;46.4048;
-123.9906;46.2489;
-123.5527;46.0910;
-123.1174;45.9314;
-122.6847;45.7698;
-122.2938;45.6214;
-121.8663;45.4566;
-121.4414;45.2899;
-121.0191;45.1214;
-120.5995;44.9513;
-120.1825;44.7794;
-119.7681;44.6059;
-119.3937;44.4467;
-118.9843;44.2700;
-118.5776;44.0917;
-118.1734;43.9118;
-117.7720;43.7303;
-117.3730;43.5473;
-117.0127;43.3796;
-116.6186;43.1936;
-116.2272;43.0062;
-115.8382;42.8172;
-115.4518;42.6268;
-115.0680;42.4350;
-114.6867;42.2417;
-114.3078;42.0470;
-113.9314;41.8509;
-113.5913;41.6715;
-113.2195;41.4727;
-112.8502;41.2727;
-112.4833;41.0713;
-112.1186;40.8685;
-111.7564;40.6645;
-111.3965;40.4592;
-111.0388;40.2525;
-110.7159;40.0637;
-110.3629;39.8549;
-110.0121;39.6448;
-109.6636;39.4335;
-109.3174;39.2211;
-108.9734;39.0075;
-108.6317;38.7928;
-108.2922;38.5769;
-107.9548;38.3599;
-107.6499;38.1617;
-107.3166;37.9426;
-106.9854;37.7224;
-106.6564;37.5012;
-106.3295;37.2790;
-106.0045;37.0557;
-105.6817;36.8314;
-105.3609;36.6061;
-105.0711;36.4005;
-104.7542;36.1734;
-104.4391;35.9453;
-104.1260;35.7163;
-103.8149;35.4863;
-103.5057;35.2554;
-103.1984;35.0236;
-102.8929;34.7909;
-102.6169;34.5786;
-102.3150;34.3443;
-102.0149;34.1092;
-101.7166;33.8731;
-101.4201;33.6362;
-101.1253;33.3985;
-100.8323;33.1600;
-100.5410;32.9207;
-100.2513;32.6806;
-99.9895;32.4617;
-99.7029;32.2200;
-99.4182;31.9777;
-99.1350;31.7347;
-98.8535;31.4909;
-98.5736;31.2465;
-98.2953;31.0014;
-98.0436;30.7779;
-97.7681;30.5314;
-97.4943;30.2842;
-97.2219;30.0364;
-96.9510;29.7880;
-96.6816;29.5389;
-96.4137;29.2891;
-96.1471;29.0388;
-95.9060;28.8106;
-95.6422;28.5591;
-95.3797;28.3070;
-95.1185;28.0542;
-94.8585;27.8008;
-94.5999;27.5468;
-94.3661;27.3155;
-94.1100;27.0606;
-93.8553;26.8051;
-93.6018;26.5490;
-93.3495;26.2925;
-93.0985;26.0353;
-92.8486;25.7778;
-92.6225;25.5431;
-92.3749;25.2845;
-92.1285;25.0255;
-91.8832;24.7659;
-91.6390;24.5059;
-91.3960;24.2454;
-91.1540;23.9845;
-90.9350;23.7469;
-90.6951;23.4851;
-90.4562;23.2229;
-90.2184;22.9603;
-89.9816;22.6972;
-89.7458;22.4337;
-89.5109;22.1697;
-89.2982;21.9294;
-89.0652;21.6648;
-88.8332;21.3998;
-88.6020;21.1343;
-88.3718;20.8685;
-88.1425;20.6023;
-87.9140;20.3356;
-87.7070;20.0930;
-87.4800;19.8255;
-87.2541;19.5579;
-87.0289;19.2899;
-86.8045;19.0216;
-86.5811;18.7531;
-86.3583;18.4841;
-86.1364;18.2149;
-85.9352;17.9699;
-85.7147;17.7000;
-85.4949;17.4299;
-85.2758;17.1595;
-85.0575;16.8889;
-84.8399;16.6179;
-84.6228;16.3466;
-84.4261;16.0998;
-84.2104;15.8280;
-83.9954;15.5560;
-83.7809;15.2837;
-83.5671;15.0112;
-83.3539;14.7385;
-83.1413;14.4655;
-82.9293;14.1923;
-82.7370;13.9437;
-82.5260;13.6700;
-82.3153;13.3957;
-82.1053;13.1215;
-81.8959;12.8472;
-81.7060;12.5977;
-81.4977;12.3230;
-81.2898;12.0482;
-81.0823;11.7731;
-80.8754;11.4979;
-80.6688;11.2225;
-80.4628;10.9469;
-80.2758;10.6963;
-80.0706;10.4203;
-79.8657;10.1442;
-79.6612;9.8680;
-79.4571;9.5917;
-79.2534;9.3152;
-79.0501;9.0386;
-78.8655;8.7869;
-78.6629;8.5100;
-78.4605;8.2329;
-78.2585;7.9558;
-78.0567;7.6786;
-77.8553;7.4012;
-77.6724;7.1489;
-77.4715;6.8713;
-77.2709;6.5936;
-77.0705;6.3158;
-76.8704;6.0379;
-76.6705;5.7600;
-76.4708;5.4820;
-76.2895;5.2292;
-76.0902;4.9510;
-75.8911;4.6728;
-75.6921;4.3942;
-75.4933;4.1158;
-75.2947;3.8373;
-75.1143;3.5842;
-74.9160;3.3056;
-74.7178;3.0271;
-74.5197;2.7484;
-74.3217;2.4698;
-74.1238;2.1910;
-73.9440;1.9377;
-73.7463;1.6588;
-73.5486;1.3800;
-73.3510;1.1012;
-73.1534;0.8223;
-72.9559;0.5435;
-72.7584;0.2647;
-72.5788;0.0112;
-72.3814;-0.2675;
-72.1838;-0.5464;
-71.9863;-0.8252;
-71.7887;-1.1041;
-71.5911;-1.3829;
-71.4112;-1.6366;
-71.2133;-1.9157;
-71.0155;-2.1944;
-70.8176;-2.4731;
-70.6196;-2.7518;
-70.4215;-3.0305;
-70.2233;-3.3091;
-70.0430;-3.5623;
-69.8447;-3.8407;
-69.6461;-4.1191;
-69.4475;-4.3974;
-69.2485;-4.6757;
-69.0494;-4.9540;
-68.8502;-5.2321;
-68.6508;-5.5101;
-68.4512;-5.7880;
-68.2695;-6.0406;
-68.0695;-6.3184;
-67.8691;-6.5961;
-67.6685;-6.8738;
-67.4677;-7.1513;
-67.2667;-7.4286;
-67.0653;-7.7059;
-66.8819;-7.9578;
-66.6800;-8.2348;
-66.4778;-8.5117;
-66.2752;-8.7885;
-66.0723;-9.0650;
-65.8691;-9.3415;
-65.6840;-9.5927;
-65.4801;-9.8689;
-65.2758;-10.1449;
-65.0711;-10.4207;
-64.8660;-10.6965;
-64.6604;-10.9721;
-64.4544;-11.2475;
-64.2668;-11.4977;
-64.0600;-11.7727;
-63.8528;-12.0475;
-63.6451;-12.3221;
-63.4369;-12.5966;
-63.2282;-12.8708;
-63.0190;-13.1448;
-62.8283;-13.3938;
-62.6181;-13.6675;
-62.4073;-13.9409;
-62.1960;-14.2142;
-61.9841;-14.4871;
-61.7717;-14.7597;
-61.5587;-15.0322;
-61.3646;-15.2796;
-61.1504;-15.5516;
-60.9355;-15.8234;
-60.7200;-16.0950;
-60.5039;-16.3662;
-60.2867;-16.6376;
-60.0890;-16.8837;
-59.8708;-17.1542;
-59.6520;-17.4244;
-59.4325;-17.6942;
-59.2122;-17.9638;
-58.9912;-18.2330;
-58.7897;-18.4775;
-58.5673;-18.7461;
-58.3441;-19.0143;
-58.1201;-19.2823;
-57.8953;-19.5499;
-57.6695;-19.8174;
-57.4636;-20.0601;
-57.2364;-20.3267;
-57.0083;-20.5929;
-56.7793;-20.8588;
-56.5494;-21.1243;
-56.3186;-21.3894;
-56.0869;-21.6542;
-55.8755;-21.8945;
-55.6420;-22.1585;
-55.4076;-22.4220;
-55.1721;-22.6853;
-54.9355;-22.9481;
-54.6981;-23.2104;
-54.4596;-23.4724;
-54.2419;-23.7101;
-54.0014;-23.9711;
-53.7599;-24.2317;
-53.5173;-24.4918;
-53.2736;-24.7515;
-53.0287;-25.0107;
-52.8052;-25.2459;
-52.5582;-25.5041;
-52.3099;-25.7620;
-52.0606;-26.0192;
-51.8100;-26.2760;
-51.5582;-26.5322;
-51.3283;-26.7647;
-51.0741;-27.0199;
-50.8187;-27.2745;
-50.5621;-27.5286;
-50.3041;-27.7822;
-50.0449;-28.0351;
-49.8080;-28.2646;
-49.5462;-28.5164;
-49.2829;-28.7677;
-49.0183;-29.0183;
-48.7523;-29.2684;
-48.4850;-29.5177;
-48.2405;-29.7440;
-47.9704;-29.9922;
-47.6987;-30.2398;
-47.4256;-30.4866;
-47.1509;-30.7329;
-46.8745;-30.9786;
-46.5968;-31.2234;
-46.3429;-31.4455;
-46.0622;-31.6889;
-45.7800;-31.9316;
-45.4961;-32.1735;
-45.2106;-32.4147;
-44.9235;-32.6552;
-44.6610;-32.8732;
-44.3706;-33.1122;
-44.0785;-33.3504;
-43.7847;-33.5878;
-43.4891;-33.8244;
-43.1918;-34.0602;
-42.9199;-34.2738;
-42.6192;-34.5079;
-42.3166;-34.7412;
-42.0123;-34.9736;
-41.7060;-35.2051;
-41.3978;-35.4358;
-41.0877;-35.6655;
-40.7758;-35.8943;
-40.4905;-36.1015;
-40.1748;-36.3285;
-39.8572;-36.5545;
-39.5375;-36.7795;
-39.2159;-37.0036;
-38.8922;-37.2266;
-38.5962;-37.4285;
-38.2686;-37.6495;
-37.9389;-37.8696;
-37.6070;-38.0886;
-37.2729;-38.3066;
-36.9368;-38.5234;
-36.5984;-38.7392;
-36.2890;-38.9343;
-35.9466;-39.1479;
-35.6019;-39.3602;
-35.2549;-39.5716;
-34.9056;-39.7816;
-34.5542;-39.9905;
-34.2005;-40.1981;
-33.8768;-40.3859;
-33.5186;-40.5912;
-33.1580;-40.7952;
-32.7952;-40.9980;
-32.4300;-41.1994;
-32.0624;-41.3995;
-31.6924;-41.5982;
-31.3539;-41.7778;
-30.9793;-41.9739;
-30.6022;-42.1687;
-30.2226;-42.3622;
-29.8406;-42.5541;
-29.4560;-42.7447;
-29.0685;-42.9340;
-28.7143;-43.1047;
-28.3224;-43.2910;
-27.9280;-43.4757;
-27.5311;-43.6589;
-27.1316;-43.8406;
-26.7294;-44.0207;
-26.3248;-44.1992;
-25.9547;-44.3601;
-25.5450;-44.5355;
-25.1328;-44.7093;
-24.7179;-44.8814;
-24.3003;-45.0519;
-23.8802;-45.2206;
-23.4575;-45.3876;
-23.0710;-45.5379;
-22.6431;-45.7016;
-22.2127;-45.8635;
-21.7798;-46.0235;
-21.3440;-46.1818;
-20.9058;-46.3381;
-20.5050;-46.4787;
-20.0613;-46.6317;
-19.6153;-46.7826;
-19.1667;-46.9315;
-18.7155;-47.0786;
-18.2616;-47.2236;
-17.8052;-47.3667;
-17.3880;-47.4950;
-16.9265;-47.6342;
-16.4627;-47.7714;
-15.9958;-47.9066;
-15.5268;-48.0395;
-15.0550;-48.1704;
-14.5809;-48.2992;
-14.1475;-48.4144;
-13.6686;-48.5390;
-13.1873;-48.6614;
-12.7035;-48.7816;
-12.2173;-48.8996;
-11.7288;-49.0153;
-11.2379;-49.1287;
-10.7448;-49.2398;
-10.2490;-49.3487;
-9.7964;-49.4456;
-9.2962;-49.5501;
-8.7941;-49.6520;
-8.2898;-49.7516;
-7.7834;-49.8488;
-7.2747;-49.9436;
-6.7641;-50.0359;
-6.2980;-50.1178;
-5.7836;-50.2054;
-5.2671;-50.2905;
-4.7488;-50.3731;
-4.2283;-50.4533;
-3.7063;-50.5308;
-3.1826;-50.6058;
-2.7050;-50.6718;
-2.1781;-50.7418;
-1.6496;-50.8093;
-1.1195;-50.8742;
-0.5879;-50.9364;
-0.0548;-50.9960;
0.4311;-51.0479;
0.9668;-51.1024;
1.5039;-51.1543;
2.0422;-51.2035;
2.5817;-51.2500;
3.1223;-51.2937;
3.6146;-51.3312;
4.1570;-51.3698;
4.7004;-51.4056;
5.2446;-51.4388;
5.7896;-51.4691;
6.3353;-51.4968;
6.8817;-51.5217;
7.3791;-51.5419;
7.9266;-51.5615;
8.4745;-51.5783;
9.0229;-51.5923;
9.5716;-51.6036;
10.1206;-51.6121;
10.6199;-51.6174;
11.1691;-51.6206;
11.7185;-51.6210;
12.2677;-51.6186;
12.8168;-51.6134;
13.3660;-51.6054;
13.9148;-51.5947;
14.4633;-51.5812;
14.9616;-51.5665;
15.5093;-51.5476;
16.0566;-51.5260;
16.6032;-51.5017;
17.1493;-51.4746;
17.6946;-51.4447;
18.1896;-51.4152;
18.7333;-51.3801;
19.2762;-51.3422;
19.8182;-51.3016;
20.3591;-51.2583;
20.8988;-51.2124;
21.4374;-51.1637;
21.9260;-51.1171;
22.4622;-51.0633;
22.9972;-51.0068;
23.5307;-50.9477;
24.0628;-50.8859;
24.5935;-50.8215;
25.1227;-50.7544;
25.6024;-50.6912;
26.1284;-50.6193;
26.6528;-50.5447;
27.1753;-50.4676;
27.6960;-50.3879;
28.2148;-50.3057;
28.7320;-50.2210;
29.2471;-50.1338;
29.7136;-50.0524;
30.2247;-49.9605;
30.7342;-49.8660;
31.2413;-49.7692;
31.7462;-49.6700;
32.2490;-49.5684;
32.7041;-49.4740;
33.2026;-49.3678;
33.6989;-49.2593;
34.1929;-49.1485;
34.6845;-49.0355;
35.1737;-48.9201;
35.6167;-48.8132;
36.1014;-48.6935;
36.5837;-48.5716;
37.0635;-48.4475;
37.5411;-48.3212;
38.0160;-48.1927;
38.4882;-48.0621;
38.9155;-47.9415;
39.3831;-47.8069;
39.8480;-47.6702;
40.3104;-47.5314;
40.7702;-47.3906;
41.2274;-47.2478;
41.6821;-47.1029;
42.1341;-46.9561;
42.5428;-46.8210;
42.9898;-46.6704;
43.4341;-46.5180;
43.8759;-46.3637;
44.3151;-46.2074;
44.7516;-46.0494;
45.1854;-45.8894;
45.5778;-45.7424;
46.0066;-45.5791;
46.4328;-45.4139;
46.8563;-45.2470;
47.2772;-45.0784;
47.6956;-44.9081;
48.0737;-44.7517;
48.4870;-44.5782;
48.8978;-44.4029;
49.3429;-44.2099;
49.7481;-44.0313;
50.1509;-43.8511;
50.5512;-43.6693;
50.9489;-43.4859;
51.3440;-43.3010;
51.7365;-43.1146;
52.9336;-42.5291;
53.3158;-42.3367;
53.6955;-42.1429;
54.0385;-41.9655;
54.4136;-41.7690;
54.7862;-41.5711;
55.1564;-41.3719;
55.5243;-41.1712;
55.8897;-40.9693;
56.3185;-40.7291;
56.6788;-40.5244;
57.0367;-40.3184;
57.3923;-40.1112;
57.7134;-39.9218;
58.0647;-39.7123;
58.4136;-39.5016;
58.7603;-39.2896;
59.1048;-39.0765;
59.4469;-38.8623;
59.7869;-38.6469;
60.0941;-38.4502;
60.4300;-38.2327;
60.7637;-38.0142;
61.0954;-37.7945;
61.4249;-37.5737;
61.8116;-37.3115;
62.1366;-37.0885;
62.4596;-36.8645;
62.7514;-36.6600;
63.0706;-36.4340;
63.3876;-36.2072;
63.7028;-35.9794;
64.0159;-35.7506;
64.3272;-35.5209;
64.6365;-35.2903;
64.9439;-35.0587;
65.2218;-34.8475;
65.5257;-34.6142;
65.8278;-34.3801;
66.1280;-34.1451;
66.4264;-33.9093;
66.7231;-33.6727;
67.0179;-33.4352;
67.3111;-33.1970;
67.6025;-32.9579;
67.8660;-32.7399;
68.2065;-32.4555;
68.4928;-32.2140;
68.7775;-31.9717;
69.0649;-31.7249;
69.3465;-31.4810;
69.6264;-31.2365;
69.8794;-31.0136;
70.1563;-30.7678;
70.4316;-30.5213;
70.7054;-30.2742;
70.9777;-30.0263;
71.2486;-29.7778;
71.5180;-29.5286;
71.7860;-29.2788;
72.0526;-29.0284;
72.3177;-28.7773;
72.5815;-28.5256;
72.8203;-28.2961;
73.1288;-27.9972;
73.3884;-27.7437;
73.6467;-27.4896;
73.9038;-27.2349;
74.1595;-26.9797;
74.4139;-26.7239;
74.6671;-26.4676;
74.9191;-26.2108;
75.1699;-25.9534;
75.4195;-25.6955;
75.6453;-25.4606;
75.8927;-25.2018;
76.1388;-24.9425;
76.4283;-24.6354;
76.6720;-24.3750;
76.9147;-24.1142;
77.1562;-23.8529;
77.3967;-23.5912;
77.6361;-23.3290;
77.8746;-23.0663;
78.0904;-22.8271;
78.3269;-22.5637;
78.5624;-22.2998;
78.8394;-21.9875;
79.0728;-21.7227;
79.3052;-21.4576;
79.5367;-21.1920;
79.7673;-20.9261;
79.9971;-20.6597;
80.2052;-20.4172;
80.4333;-20.1501;
80.6604;-19.8828;
80.8867;-19.6151;
81.1123;-19.3470;
81.3369;-19.0787;
81.5608;-18.8099;
81.7839;-18.5408;
81.9862;-18.2958;
82.2078;-18.0262;
82.4289;-17.7559;
82.6491;-17.4856;
82.8686;-17.2149;
83.0873;-16.9441;
83.3053;-16.6729;
83.5621;-16.3520;
83.7787;-16.0803;
83.9750;-15.8330;
84.2099;-15.5359;
84.4245;-15.2633;
84.6774;-14.9409;
84.8714;-14.6926;
85.0842;-14.4192;
85.2964;-14.1456;
85.5081;-13.8718;
85.7193;-13.5976;
85.9298;-13.3234;
86.1399;-13.0488;
86.3494;-12.7742;
86.5584;-12.4992;
86.7670;-12.2241;
86.9750;-11.9489;
87.1637;-11.6984;
87.3708;-11.4228;
87.5775;-11.1470;
87.7838;-10.8710;
87.9897;-10.5948;
88.1951;-10.3184;
88.4001;-10.0420;
88.6048;-9.7653;
88.8462;-9.4381;
89.0315;-9.1863;
89.2350;-8.9092;
89.4382;-8.6319;
89.6411;-8.3544;
89.8436;-8.0769;
90.0459;-7.7992;
90.2478;-7.5214;
90.4495;-7.2434;
90.6509;-6.9654;
90.8520;-6.6873;
91.0346;-6.4344;
91.2352;-6.1561;
91.4356;-5.8776;
91.6358;-5.5991;
91.8358;-5.3205;
92.0355;-5.0418;
92.2351;-4.7631;
92.4345;-4.4842;
92.6337;-4.2053;
92.8328;-3.9264;
93.0136;-3.6727;
93.2124;-3.3937;
93.4110;-3.1146;
93.6097;-2.8353;
93.8443;-2.5052;
94.0426;-2.2259;
94.2409;-1.9466;
94.4751;-1.6165;
94.6733;-1.3370;
94.8713;-1.0577;
95.0694;-0.7782;
95.2674;-0.4987;
95.4654;-0.2193;
95.6634;0.0602;
95.8435;0.3143;
96.0415;0.5938;
96.2395;0.8733;
96.4376;1.1527;
96.6357;1.4321;
96.8338;1.7114;
97.0320;1.9908;
97.2303;2.2702;
97.4107;2.5241;
97.6091;2.8033;
97.8077;3.0826;
98.0426;3.4126;
98.2415;3.6918;
98.4405;3.9709;
98.6397;4.2500;
98.8391;4.5290;
99.0205;4.7826;
99.2202;5.0615;
99.4201;5.3403;
99.6201;5.6191;
99.8204;5.8976;
100.0209;6.1762;
100.2217;6.4547;
100.4227;6.7330;
100.6239;7.0112;
100.8071;7.2640;
101.0088;7.5420;
101.2477;7.8705;
101.4500;8.1482;
101.6528;8.4259;
101.8559;8.7034;
102.0592;8.9808;
102.2630;9.2581;
102.4485;9.5100;
102.6531;9.7871;
102.8579;10.0639;
103.0631;10.3406;
103.2688;10.6172;
103.4749;10.8936;
103.6814;11.1698;
103.9260;11.4961;
104.1335;11.7719;
104.3225;12.0225;
104.5308;12.2980;
104.7398;12.5734;
104.9491;12.8485;
105.1590;13.1233;
105.3693;13.3979;
105.5993;13.6972;
105.8108;13.9714;
106.0228;14.2453;
106.2356;14.5192;
106.4488;14.7927;
106.6626;15.0660;
106.8771;15.3391;
107.0726;15.5870;
107.2882;15.8595;
107.5044;16.1318;
107.7214;16.4039;
107.9390;16.6756;
108.1573;16.9470;
108.3763;17.2183;
108.5962;17.4893;
108.8166;17.7598;
109.0176;18.0056;
109.2395;18.2756;
109.4621;18.5453;
109.6856;18.8147;
109.9097;19.0837;
110.1347;19.3525;
110.3605;19.6208;
110.5871;19.8888;
110.8146;20.1564;
111.0429;20.4238;
111.2721;20.6907;
111.5022;20.9573;
111.7334;21.2236;
111.9442;21.4653;
112.1770;21.7308;
112.4107;21.9959;
112.6455;22.2607;
112.8812;22.5250;
113.1179;22.7889;
113.3556;23.0523;
113.5943;23.3153;
113.8122;23.5540;
114.0529;23.8162;
114.2948;24.0781;
114.5376;24.3393;
114.7816;24.6001;
115.0266;24.8604;
115.2728;25.1202;
115.4976;25.3561;
115.7460;25.6150;
115.9956;25.8733;
116.2463;26.1312;
116.4983;26.3885;
116.7516;26.6454;
116.9834;26.8790;
117.2392;27.1350;
117.4962;27.3903;
117.7544;27.6450;
118.0139;27.8991;
118.2747;28.1526;
118.5371;28.4057;
118.7766;28.6352;
119.0415;28.8870;
119.3076;29.1381;
119.5752;29.3887;
119.8444;29.6387;
120.1148;29.8879;
120.3868;30.1365;
120.6603;30.3845;
120.9102;30.6093;
121.1865;30.8559;
121.4645;31.1019;
121.7439;31.3472;
122.0250;31.5917;
122.3076;31.8355;
122.5660;32.0566;
122.8518;32.2990;
123.1393;32.5407;
123.4284;32.7816;
123.7192;33.0217;
124.0116;33.2610;
124.3059;33.4995;
124.6018;33.7372;
124.8723;33.9525;
125.1717;34.1885;
125.4728;34.4238;
125.7758;34.6581;
126.0807;34.8917;
126.3874;35.1243;
126.6960;35.3560;
126.9782;35.5659;
127.2905;35.7958;
127.6046;36.0248;
127.9208;36.2529;
128.2389;36.4800;
128.5590;36.7061;
128.8519;36.9109;
129.1759;37.1351;
129.5021;37.3583;
129.8303;37.5805;
130.1606;37.8017;
130.4930;38.0218;
130.8275;38.2407;
131.1335;38.4389;
131.4721;38.6557;
131.8129;38.8714;
132.1559;39.0860;
132.5012;39.2995;
132.8487;39.5118;
133.1986;39.7229;
133.5508;39.9329;
133.8729;40.1227;
134.2294;40.3303;
134.5882;40.5365;
134.9494;40.7416;
135.3129;40.9453;
135.6788;41.1478;
136.0472;41.3489;
136.3841;41.5306;
136.7570;41.7291;
137.1325;41.9263;
137.5103;42.1222;
138.5185;42.6316;
138.9054;42.8222;
139.2949;43.0113;
139.6869;43.1990;
140.0814;43.3851;
140.4786;43.5697;
140.8418;43.7361;
141.2438;43.9177;
141.6485;44.0978;
142.0557;44.2762;
142.4655;44.4529;
142.8780;44.6281;
143.2930;44.8015;
143.6727;44.9578;
144.0928;45.1280;
144.5155;45.2965;
144.9409;45.4633;
145.3689;45.6282;
145.7996;45.7915;
146.2331;45.9529;
146.6691;46.1125;
147.0677;46.2559;
147.5087;46.4119;
147.9524;46.5660;
148.3988;46.7182;
148.8479;46.8685;
149.2994;47.0169;
149.7123;47.1500;
150.1688;47.2945;
150.6279;47.4370;
151.0897;47.5774;
151.5542;47.7159;
152.0212;47.8522;
152.4908;47.9865;
152.9629;48.1186;
153.3945;48.2369;
153.8714;48.3649;
154.3508;48.4908;
154.9206;48.6367;
155.4055;48.7577;
155.8927;48.8765;
156.3381;48.9825;
156.8300;49.0970;
157.3243;49.2091;
157.8208;49.3189;
158.3196;49.4264;
158.8206;49.5315;
159.2781;49.6250;
159.7833;49.7255;
160.2908;49.8236;
160.8004;49.9193;
161.3120;50.0125;
161.8258;50.1033;
162.2950;50.1837;
162.8125;50.2697;
163.3319;50.3532;
163.8532;50.4341;
164.3764;50.5125;
164.9013;50.5884;
165.4279;50.6616;
165.9081;50.7259;
166.4382;50.7942;
166.9695;50.8599;
167.5026;50.9229;
168.0370;50.9832;
168.5728;51.0409;
169.1100;51.0959;
169.5996;51.1436;
170.1392;51.1935;
170.6800;51.2407;
171.2220;51.2852;
171.7650;51.3269;
172.3090;51.3659;
172.8539;51.4021;
173.3997;51.4356;
173.8966;51.4637;
174.4437;51.4919;
174.9916;51.5174;
175.5400;51.5400;
176.0890;51.5599;
176.5884;51.5756;
177.1381;51.5901;
177.6883;51.6019;
178.2386;51.6109;
178.7891;51.6171;
179.3399;51.6205;
179.8907;51.6210;
-179.6085;51.6191;
-179.0578;51.6144;
-178.5072;51.6068;
-177.9570;51.5965;
-177.4072;51.5833;
-176.8575;51.5674;
-176.3583;51.5505;
-175.8094;51.5292;
-175.2613;51.5052;
-174.7137;51.4783;
-174.1669;51.4488;
-173.6210;51.4164;
-173.0759;51.3813;
-172.5811;51.3471;
-172.0378;51.3067;
-171.4955;51.2637;
-170.9542;51.2179;
-170.4141;51.1694;
-169.8752;51.1182;
-169.3863;51.0693;
-168.8498;51.0130;
-168.3149;50.9540;
-167.7814;50.8924;
-167.2492;50.8281;
-166.7189;50.7612;
-166.1900;50.6917;
-165.7108;50.6262;
-165.1853;50.5518;
-164.6615;50.4747;
-164.1395;50.3951;
-163.6193;50.3130;
-163.1008;50.2283;
-162.5846;50.1411;
-162.0703;50.0515;
-161.6046;49.9678;
-161.0942;49.8735;
-160.5860;49.7767;
-160.0797;49.6774;
-159.5756;49.5757;
-159.0739;49.4717;
-158.5745;49.3654;
-158.0773;49.2566;
-157.6272;49.1557;
-157.1344;49.0425;
-156.6439;48.9271;
-156.1559;48.8093;
-155.6704;48.6894;
-155.1872;48.5672;
-154.7066;48.4428;
-154.2284;48.3162;
-153.7958;48.1992;
-153.3226;48.0685;
-152.8517;47.9356;
-152.3834;47.8006;
-151.9177;47.6636;
-151.4546;47.5245;
-151.0359;47.3962;
-150.5776;47.2532;
-150.1221;47.1082;
-149.6691;46.9612;
-149.2189;46.8123;
-148.7714;46.6614;
-148.3264;46.5086;
-147.9242;46.3680;
-147.4840;46.2116;
-147.0467;46.0533;
-146.6120;45.8931;
-146.1801;45.7312;
-145.7506;45.5674;
-145.3240;45.4019;
-144.9385;45.2500;
-144.5169;45.0811;
-144.0978;44.9106;
-143.6815;44.7383;
-143.2678;44.5644;
-142.8568;44.3889;
-142.4483;44.2117;
-142.0424;44.0328;
-141.6391;43.8524;
-141.2747;43.6870;
-140.8764;43.5036;
-140.4806;43.3186;
-140.0874;43.1322;
-139.6968;42.9442;
-139.3087;42.7548;
-138.9231;42.5639;
-138.5401;42.3716;
-138.1592;42.1776;
-137.8153;42.0003;
-137.4395;41.8038;
-137.0659;41.6059;
-136.6948;41.4067;
-136.3263;41.2062;
-135.9602;41.0044;
-135.5964;40.8013;
-135.2349;40.5968;
-134.8759;40.3911;
-134.5191;40.1842;
-134.1969;39.9950;
-133.8446;39.7857;
-133.4947;39.5753;
-133.1468;39.3636;
-132.8014;39.1507;
-132.4581;38.9367;
-132.1171;38.7216;
-131.7782;38.5053;
-131.4416;38.2880;
-131.1375;38.0895;
-130.8049;37.8701;
-130.4744;37.6496;
-130.1461;37.4280;
-129.8198;37.2055;
-129.4956;36.9819;
-129.1736;36.7573;
-128.8535;36.5318;
-128.5065;36.2845;
-128.2193;36.0777;
-127.9051;35.8492;
-127.5929;35.6198;
-127.2825;35.3894;
-126.9741;35.1581;
-126.6120;34.8837;
-126.3078;34.6505;
-126.0054;34.4165;
-125.7047;34.1815;
-125.4329;33.9672;
-125.1357;33.7307;
-124.8403;33.4933;
-124.5467;33.2553;
-124.2547;33.0163;
-123.9645;32.7766;
-123.6759;32.5361;
-123.3891;32.2948;
-123.1039;32.0528;
-122.8203;31.8101;
-122.5639;31.5887;
-122.2833;31.3445;
-122.0043;31.0997;
-121.7270;30.8541;
-121.4511;30.6079;
-121.1768;30.3610;
-120.9039;30.1133;
-120.6326;29.8651;
-120.3628;29.6162;
-120.0944;29.3667;
-119.8516;29.1393;
-119.5859;28.8886;
-119.3216;28.6373;
-119.0587;28.3853;
-118.7972;28.1329;
-118.5369;27.8797;
-118.2780;27.6259;
-118.0203;27.3716;
-117.7640;27.1167;
-117.5321;26.8846;
-117.2782;26.6287;
-117.0256;26.3723;
-116.7742;26.1154;
-116.5238;25.8578;
-116.2748;25.5999;
-116.0270;25.3414;
-115.7803;25.0825;
-115.5570;24.8466;
-115.3124;24.5867;
-115.0691;24.3264;
-114.8268;24.0657;
-114.5857;23.8045;
-114.3456;23.5428;
-114.1064;23.2807;
-113.8900;23.0420;
-113.6529;22.7791;
-113.4168;22.5158;
-113.1817;22.2520;
-112.9475;21.9878;
-112.7142;21.7231;
-112.5028;21.4821;
-112.2714;21.2167;
-112.0408;20.9510;
-111.8112;20.6849;
-111.5825;20.4184;
-111.3546;20.1515;
-111.1276;19.8843;
-110.9014;19.6168;
-110.6966;19.3734;
-110.4721;19.1053;
-110.2483;18.8368;
-110.0254;18.5680;
-109.8032;18.2989;
-109.5818;18.0295;
-109.3812;17.7843;
-109.1612;17.5143;
-108.9419;17.2440;
-108.7233;16.9734;
-108.5055;16.7025;
-108.2883;16.4314;
-108.0718;16.1601;
-107.8560;15.8883;
-107.6603;15.6411;
-107.4456;15.3689;
-107.2317;15.0965;
-107.0183;14.8239;
-106.8055;14.5509;
-106.5933;14.2778;
-106.3817;14.0045;
-106.1706;13.7309;
-105.9792;13.4820;
-105.7692;13.2080;
-105.5597;12.9338;
-105.3506;12.6593;
-105.1421;12.3846;
-104.9341;12.1099;
-104.7454;11.8599;
-104.5383;11.5848;
-104.3317;11.3094;
-104.1255;11.0339;
-103.9198;10.7583;
-103.7144;10.4824;
-103.5095;10.2064;
-103.3235;9.9554;
-103.1193;9.6790;
-102.9155;9.4026;
-102.7121;9.1261;
-102.5090;8.8493;
-102.3062;8.5725;
-102.1222;8.3207;
-101.9201;8.0435;
-101.7183;7.7663;
-101.5167;7.4890;
-101.3155;7.2115;
-101.1144;6.9337;
-100.9319;6.6812;
-100.7314;6.4034;
-100.5312;6.1256;
-100.3312;5.8477;
-100.1314;5.5696;
-99.9319;5.2915;
-99.7507;5.0386;
-99.5515;4.7604;
-99.3525;4.4820;
-99.1537;4.2037;
-98.9550;3.9251;
-98.7565;3.6466;
-98.5581;3.3681;
-98.3778;3.1147;
-98.1797;2.8360;
-97.9817;2.5574;
-97.7838;2.2787;
-97.5859;1.9999;
-97.3882;1.7212;
-97.1905;1.4423;
-96.9929;1.1635;
-96.8132;0.9100;
-96.6156;0.6311;
-96.4181;0.3522;
-96.2206;0.0734;
-96.0231;-0.2054;
-95.8256;-0.4842;
-95.6280;-0.7631;
-95.4484;-1.0166;
-95.2508;-1.2954;
-95.0531;-1.5743;
-94.8554;-1.8530;
-94.6576;-2.1319;
-94.4597;-2.4106;
-94.2797;-2.6640;
-94.0817;-2.9426;
-93.8836;-3.2212;
-93.6853;-3.4998;
-93.4869;-3.7783;
-93.2884;-4.0567;
-93.1078;-4.3097;
-92.9089;-4.5881;
-92.7099;-4.8663;
-92.5107;-5.1445;
-92.3113;-5.4226;
-92.1118;-5.7005;
-91.9120;-5.9784;
-91.7302;-6.2309;
-91.5300;-6.5086;
-91.3296;-6.7861;
-91.1289;-7.0636;
-90.9279;-7.3411;
-90.7266;-7.6183;
-90.5250;-7.8955;
-90.3415;-8.1474;
-90.1453;-8.4131;
-89.9427;-8.6900;
-89.7399;-8.9668;
-89.5368;-9.2433;
-89.3332;-9.5198;
-89.1294;-9.7960;
-88.9437;-10.0470;
-88.7391;-10.3230;
-88.5341;-10.5988;
-88.3287;-10.8744;
-88.1229;-11.1499;
-87.9166;-11.4252;
-87.7099;-11.7003;
-87.5215;-11.9503;
-87.3139;-12.2251;
-87.1059;-12.4996;
-86.8974;-12.7740;
-86.6884;-13.0480;
-86.4788;-13.3220;
-86.2687;-13.5957;
-86.0773;-13.8443;
-85.8661;-14.1176;
-85.6544;-14.3907;
-85.4422;-14.6635;
-85.2293;-14.9361;
-85.0159;-15.2084;
-84.8019;-15.4805;
-84.6068;-15.7276;
-84.3915;-15.9992;
-84.1756;-16.2706;
-83.9590;-16.5416;
-83.7418;-16.8124;
-83.5238;-17.0829;
-83.3052;-17.3531;
-83.1059;-17.5985;
-82.8859;-17.8681;
-82.6651;-18.1375;
-82.4437;-18.4065;
-82.2214;-18.6752;
-81.9984;-18.9436;
-81.7950;-19.1874;
-81.5704;-19.4551;
-81.3451;-19.7225;
-81.1188;-19.9897;
-80.8918;-20.2564;
-80.6639;-20.5227;
-80.4351;-20.7887;
-80.2264;-21.0303;
-79.9958;-21.2956;
-79.7645;-21.5605;
-79.5321;-21.8250;
-79.2988;-22.0892;
-79.0646;-22.3529;
-78.8294;-22.6161;
-78.5932;-22.8791;
-78.3775;-23.1178;
-78.1393;-23.3800;
-77.9000;-23.6417;
-77.6598;-23.9029;
-77.4185;-24.1637;
-77.1761;-24.4240;
-76.9548;-24.6603;
-76.7103;-24.9196;
-76.4648;-25.1785;
-76.2180;-25.4369;
-75.9701;-25.6948;
-75.7210;-25.9523;
-75.4936;-26.1858;
-75.2422;-26.4422;
-74.9897;-26.6981;
-74.7358;-26.9535;
-74.4807;-27.2083;
-74.2244;-27.4626;
-73.9902;-27.6932;
-73.7314;-27.9464;
-73.4713;-28.1989;
-73.2098;-28.4509;
-72.9469;-28.7024;
-72.6827;-28.9531;
-72.4171;-29.2034;
-72.1743;-29.4303;
-71.9060;-29.6793;
-71.6362;-29.9277;
-71.3650;-30.1754;
-71.0922;-30.4224;
-70.8180;-30.6688;
-70.5423;-30.9144;
-70.2650;-31.1594;
-70.0116;-31.3816;
-69.7313;-31.6252;
-69.4495;-31.8681;
-69.1660;-32.1103;
-68.8809;-32.3517;
-68.5941;-32.5925;
-68.3056;-32.8324;
-68.0155;-33.0715;
-67.7237;-33.3099;
-67.4301;-33.5476;
-67.1616;-33.7629;
-66.8647;-33.9989;
-66.5661;-34.2341;
-66.2656;-34.4684;
